R=10;
C=10e-6;